 customer_id 
-------------
         285
         172
         341
         145
          74
         287
          54
         264
         397
          57
         248
         279
         505
         481
         276
         221
         134
         194
         267
         530
          41
         303
         290
         235
         446
         197
         597
         298
          21
         403
          81
          39
         536
         200
          16
         230
         161
           1
         380
         453
         225
         426
         493
         300
         573
          15
         594
         558
         454
         497
         280
         444
         354
          37
         215
         118
         149
         486
         160
         260
         187
         360
         410
         433
         542
         395
         291
         565
         189
         293
          48
         278
         120
         467
         131
         331
         349
         544
          49
          17
         472
           2
         562
         295
         198
          80
         142
         155
         178
          58
         109
         314
         178
         244
         403
          16
          18
          81
          60
          15
         287
         314
          32
         110
         242
         274
         327
         228
         269
         301
         492
         296
         519
          45
         517
         142
         297
         158
          37
         267
         108
         305
         249
         599
          47
         120
         295
         417
          12
         594
          30
         441
         362
         351
          84
          85
         198
         576
         108
         459
         277
         275
         327
         215
         235
         226
         401
         541
(148 rows)

